122	9.0 0.0 9.0 0.0 9.0	9.833333333333334 0.0 9.833333333333334 0.0 9.833333333333334
122	11.0 0.0 11.0 0.0 11.0	11.833333333333334 0.0 11.833333333333334 0.0 11.833333333333334
122	16.0 0.0 16.0 0.0 16.0	16.833333333333332 0.0 16.833333333333332 0.0 16.833333333333332
122L	0.0 8.0 0.0 0.0 0.0	0.0 10.833333333333334 0.0 0.0 0.0
122L	0.0 0.0 8.0 0.0 0.0	0.0 0.0 10.833333333333334 0.0 0.0
122L	0.0 0.0 0.0 8.0 0.0	0.0 0.0 0.0 10.833333333333334 0.0
122L	0.0 11.0 0.0 0.0 0.0	0.0 13.833333333333334 0.0 0.0 0.0
122L	0.0 0.0 11.0 0.0 0.0	0.0 0.0 13.833333333333334 0.0 0.0
122L	0.0 0.0 0.0 11.0 0.0	0.0 0.0 0.0 13.833333333333334 0.0
122L	0.0 14.0 0.0 0.0 0.0	0.0 16.833333333333332 0.0 0.0 0.0
122L	0.0 0.0 14.0 0.0 0.0	0.0 0.0 16.833333333333332 0.0 0.0
122L	0.0 0.0 0.0 14.0 0.0	0.0 0.0 0.0 16.833333333333332 0.0
122L	0.0 17.0 0.0 0.0 0.0	0.0 7.833333333333333 0.0 0.0 0.0
122L	0.0 0.0 17.0 0.0 0.0	0.0 0.0 7.833333333333333 0.0 0.0
122L	0.0 0.0 0.0 17.0 0.0	0.0 0.0 0.0 7.833333333333333 0.0
161	11.0 11.0 11.0 11.0 11.0	11.833333333333334 11.833333333333334 11.833333333333334 11.833333333333334 11.833333333333334
161	12.0 12.0 12.0 12.0 12.0	12.833333333333334 12.833333333333334 12.833333333333334 12.833333333333334 12.833333333333334
161	16.0 16.0 16.0 16.0 16.0	16.833333333333332 16.833333333333332 16.833333333333332 16.833333333333332 16.833333333333332
161	17.0 17.0 17.0 17.0 17.0	17.833333333333332 17.833333333333332 17.833333333333332 17.833333333333332 17.833333333333332
222	16.0 0.0 16.0 0.0 0.0	17.25 0.0 17.25 0.0 0.0
101	9.0 0.0 9.0 0.0 9.0	9.833333333333334 0.0 9.833333333333334 0.0 9.833333333333334
101	11.0 0.0 11.0 0.0 11.0	11.833333333333334 0.0 11.833333333333334 0.0 11.833333333333334
166	8.0 8.0 8.0 8.0 8.0	8.833333333333334 8.833333333333334 8.833333333333334 8.833333333333334 8.833333333333334
166	12.0 13.0 12.0 13.0 12.0	12.833333333333334 13.833333333333334 12.833333333333334 13.833333333333334 12.833333333333334
166	12.0 11.0 12.0 11.0 12.0	12.833333333333334 11.833333333333334 12.833333333333334 11.833333333333334 12.833333333333334
166	12.0 12.5 12.0 12.5 12.0	12.833333333333334 13.333333333333334 12.833333333333334 13.333333333333334 12.833333333333334
110	11.0 0.0 11.0 0.0 11.0	11.833333333333334 0.0 11.833333333333334 0.0 11.833333333333334
110	14.0 0.0 14.0 0.0 14.0	14.833333333333334 0.0 14.833333333333334 0.0 14.833333333333334
110	0.0 17.0 0.0 17.0 0.0	0.0 18.333333333333332 0.0 18.333333333333332 0.0
110	0.0 15.5 0.0 15.5 0.0	0.0 16.75 0.0 16.75 0.0
110	10.0 0.0 10.0 0.0 10.0	10.833333333333334 0.0 10.833333333333334 0.0 10.833333333333334
